  Run_nr	   Alpha	    Beta	      CL	      CD	    Cyaw	 Cm_p_qc	      Ct	      Cn	   Cside	 Cm_roll	Cm_pitch	  Cm_yaw	       V	      Re	       M
       /	 degrees	 degrees	       /	       /	       /	       /	       /	       /	       /	       /	       /	       /	     m/s	       /	       /
       1	   8.000	  -6.000	  0.9902	0.000619	-0.11235	-0.04357	-0.148834	  0.9790	-0.111801	-0.01464	-0.28787	 0.02159	   40.21	3.566E+5	   0.118	        	        	        	        	        	        	        	        	        	        	        	        	        	        	        	        	        
       2	   8.000	   5.995	  0.9681	0.091629	 0.17376	-0.02821	-0.062467	  0.9688	0.182375	 0.02016	-0.27012	-0.05046	   40.22	3.567E+5	   0.118	        	        	        	        	        	        	        	        	        	        	        	        	        	        	        	        	        
       3	   8.000	   0.000	  0.9830	-0.004526	 0.02706	-0.06676	-0.141299	  0.9728	0.027065	 0.00032	-0.30928	-0.01349	   40.22	3.566E+5	   0.118	        	        	        	        	        	        	        	        	        	        	        	        	        	        	        	        	        
       4	   8.000	   6.000	  1.0076	0.007316	 0.17822	-0.09025	-0.151479	  0.9962	0.178003	 0.01604	-0.33836	-0.05016	   40.23	3.566E+5	   0.118	        	        	        	        	        	        	        	        	        	        	        	        	        	        	        	        	        
       5	   8.000	   0.000	  0.9563	0.082475	 0.03515	 0.00878	-0.051419	  0.9584	0.035151	 0.00463	-0.23092	-0.01498	   40.19	3.561E+5	   0.118	        	        	        	        	        	        	        	        	        	        	        	        	        	        	        	        	        
       6	   8.000	  -5.995	  0.9743	0.086777	-0.09857	 0.00276	-0.060326	  0.9754	-0.107090	-0.01017	-0.24111	 0.02063	   40.19	3.561E+5	   0.118	        	        	        	        	        	        	        	        	        	        	        	        	        	        	        	        	        
       7	   4.004	   0.000	  0.6145	0.056453	 0.03670	 0.03658	0.013407	  0.6169	0.036699	 0.00572	-0.11803	-0.01529	   40.23	3.563E+5	   0.118	        	        	        	        	        	        	        	        	        	        	        	        	        	        	        	        	        
       8	   7.996	  -4.000	  0.9786	0.028991	-0.05790	-0.04999	-0.111485	  0.9725	-0.059784	-0.00817	-0.29260	 0.00998	   40.23	3.559E+5	   0.118	        	        	        	        	        	        	        	        	        	        	        	        	        	        	        	        	        
       9	   4.004	   3.995	  0.6077	0.067682	 0.12726	 0.00808	0.016073	  0.6103	0.131662	 0.01413	-0.14459	-0.04130	   30.15	2.670E+5	   0.089	        	        	        	        	        	        	        	        	        	        	        	        	        	        	        	        	        
