  Run_nr	   Alpha	    Beta	      CL	      CD	    Cyaw	 Cm_p_qc	      Ct	      Cn	   Cside	 Cm_roll	Cm_pitch	  Cm_yaw	       V	      Re	       M
       /	 degrees	 degrees	       /	       /	       /	       /	       /	       /	       /	       /	       /	       /	     m/s	       /	       /
      27	   8.000	  -6.000	  0.9954	0.002514	-0.14560	-0.06098	-0.151126	  0.9839	-0.145061	-0.02281	-0.30632	 0.03465	   40.20	3.554E+5	   0.118	        	        	        	        	        	        	        	        	        	        	        	        	        	        	        	        	        
      28	   8.000	   5.995	  0.9664	0.087979	 0.14268	-0.02589	-0.062612	  0.9671	0.151091	 0.01249	-0.26740	-0.03800	   40.21	3.553E+5	   0.118	        	        	        	        	        	        	        	        	        	        	        	        	        	        	        	        	        
      29	   8.000	   0.000	  0.9851	-0.005914	-0.00585	-0.07036	-0.142965	  0.9747	-0.005846	-0.00751	-0.31331	-0.00046	   40.21	3.552E+5	   0.118	        	        	        	        	        	        	        	        	        	        	        	        	        	        	        	        	        
      30	   8.000	   6.000	  1.0067	0.003906	 0.14795	-0.08938	-0.151575	  0.9953	0.147547	 0.00872	-0.33727	-0.03811	   40.20	3.550E+5	   0.118	        	        	        	        	        	        	        	        	        	        	        	        	        	        	        	        	        
      31	   8.000	   0.005	  0.9585	0.081104	 0.00130	 0.00515	-0.053086	  0.9605	0.001306	-0.00366	-0.23502	-0.00157	   40.24	3.553E+5	   0.118	        	        	        	        	        	        	        	        	        	        	        	        	        	        	        	        	        
      32	   8.000	  -5.995	  0.9790	0.088804	-0.13267	-0.01617	-0.062515	  0.9798	-0.141219	-0.01841	-0.26096	 0.03402	   40.21	3.549E+5	   0.118	        	        	        	        	        	        	        	        	        	        	        	        	        	        	        	        	        
      33	   4.004	   0.000	  0.6129	0.055266	 0.00100	 0.03578	0.012338	  0.6152	0.000996	-0.00301	-0.11840	-0.00081	   40.21	3.548E+5	   0.118	        	        	        	        	        	        	        	        	        	        	        	        	        	        	        	        	        
      34	   4.004	  -6.000	  0.6289	0.064709	-0.13718	 0.01870	0.005980	  0.6308	-0.143194	-0.01617	-0.13921	 0.03676	   40.21	3.548E+5	   0.118	        	        	        	        	        	        	        	        	        	        	        	        	        	        	        	        	        
      35	   4.004	   5.995	  0.6164	0.063884	 0.14167	 0.00719	0.005580	  0.6183	0.147567	 0.01071	-0.14745	-0.03855	   40.20	3.546E+5	   0.118	        	        	        	        	        	        	        	        	        	        	        	        	        	        	        	        	        
